5295 3725
667 4395
107 8381
3413 348
19752.8
1 3 2 4 

6627 3661
7708 1148
2809 5125
6567 2961
13243.8
1 3 2 4 

324 6204
1698 6507
728 7202
5107 6040
10455.1
1 2 4 3 

3146 3919
6188 7983
316 3900
1139 9919
19388.9
1 2 4 3 

5707 5532
6460 9764
6332 3228
9202 5467
15423.1
1 2 4 3 

2104 555
2674 8674
4395 6315
6478 25
22091
1 2 3 4 

6219 8041
8316 9430
7922 3922
5750 5543
13289.2
1 2 3 4 

637 7683
6057 7464
1759 6452
1888 7298
11562.3
1 4 2 3 

1355 3635
3950 5286
8437 7085
8366 1219
21191.9
1 2 3 4 

3963 3234
815 8197
7558 70
9176 6614
25916.8
1 2 4 3 

4215 8676
2454 9912
1216 1101
7163 5856
22742.9
1 2 3 4 

55 6387
4829 981
5186 2565
2604 7767
17542.1
1 4 3 2 

8053 8723
1059 3440
7019 9634
8164 7872
19206
1 3 2 4 

2033 3095
888 1608
3238 8607
8964 4314
23192.8
1 2 4 3 

8656 8802
6944 8047
7362 2880
7526 8255
13119.1
1 3 2 4 

