4
9461 7939
8607 6823
2218 7375
6805 3928
4
8873 3120
6862 61
8757 7846
8894 8734
4
8655 4405
7618 2783
7558 5901
9907 3987
4
5522 6516
7087 3087
8837 3674
6310 4247
4
6733 3255
6003 6060
3720 3738
1611 6360
4
283 484
1040 2250
4658 1311
468 2833
4
8175 8894
6171 8315
4483 7705
6322 6900
4
3191 2287
8400 9409
1959 9292
6065 2196
4
7210 1607
5951 6309
6600 869
4298 1463
4
5060 7803
8241 8398
5829 1923
9954 8405
4
2102 1534
6478 4954
1115 7812
7906 5094
4
9384 909
6156 6638
8551 9474
2641 2165
4
6328 8850
9362 2331
2400 4457
1303 2557
4
2247 4356
9247 9584
6719 3548
7265 5941
4
2505 5934
5110 5454
502 278
5538 339
5
1690 6765
5513 2364
6226 3135
5501 7375
8934 6035
5
6861 6284
1080 2897
2590 5240
5608 8402
9638 1004
5
7452 5336
6409 676
1802 6656
1319 8555
9502 1260
5
4089 3618
9853 6699
5148 7103
5417 7157
4406 4276
5
4027 885
8470 9154
5596 6468
9210 3843
2110 5352
5
3495 2291
9265 3421
2184 6535
7631 4685
3288 5289
5
5783 5075
7797 1737
1669 9896
3132 7038
1354 1986
5
8518 857
9605 4763
3450 637
4382 143
7373 4105
5
9185 4058
9670 8897
5517 5169
9812 9701
940 308
5
5774 6622
7751 2665
6926 7753
7051 9444
6514 7198
5
8762 2958
721 8706
9533 9695
5548 8888
692 606
5
1597 9166
3506 6483
8782 3726
3621 9374
2236 5650
5
9947 7648
2389 9097
3326 3297
8357 8921
4207 6278
5
6545 5666
820 9160
4375 6995
9700 224
6760 2203
5
7914 9283
9023 9043
4895 7792
1902 7623
6774 7596
6
8963 6973
1826 4952
4136 8649
4455 3371
8399 368
2216 7914
6
1186 5154
3021 3596
7014 904
4295 2824
8836 5893
729 7353
6
6455 6247
3423 4510
4455 6928
1785 6808
1636 1892
8342 6580
6
5008 6875
3647 3338
1209 3012
132 7899
7341 7687
2209 6112
6
3337 6203
564 9914
1218 606
4028 2463
8436 7949
5004 1065
6
3435 7451
6881 1037
3606 1955
794 9681
5968 7971
1355 6498
6
3242 9794
1453 4058
4705 4951
8406 8306
5221 7260
5917 8754
6
9378 6018
6651 3059
8062 8242
2318 985
6589 2660
3218 6790
6
4025 5359
4982 9048
5811 3032
4289 7309
7124 7719
3733 2073
6
9155 6754
753 435
4602 8140
5911 691
4344 3083
4790 4649
6
9031 8085
9135 2355
5447 5903
2350 1988
2869 1777
841 7139
6
7311 134
8544 242
2994 3088
5392 8570
3168 825
7836 6615
6
1589 8182
3853 3555
3750 3440
207 9315
9456 4233
8991 1563
6
9222 886
7697 1086
9954 21
162 3888
1589 2070
4488 3781
6
43 1180
6096 5958
4823 1927
3616 6181
6951 7812
719 3854
7
383 2788
9368 2173
1878 7309
6313 6269
4861 9729
7595 254
4532 8357
7
4394 6829
6338 9475
1399 3908
5221 8860
5316 9186
4916 3232
3771 5780
7
5441 2445
725 9642
526 5539
1264 6132
9162 3017
2221 6907
3417 5260
7
7688 6323
5122 211
3658 1985
8100 1393
9687 3980
44 9700
2893 5946
7
2312 146
463 7587
2074 7742
6583 5141
7586 6863
6068 7135
9690 3635
7
3096 6149
3044 7152
7273 9116
9698 9094
4475 2357
4018 2659
4175 5501
7
2314 8027
8100 1057
9726 6762
6220 4641
2458 3606
7399 9959
8643 6277
7
7351 4193
9591 7197
398 2372
1322 1507
1957 6188
7361 3816
2103 2260
7
5503 8226
1881 9217
7948 6868
1121 3162
3429 9448
1952 3652
8279 3534
7
7412 5096
3606 397
3860 3847
8278 9461
6136 2019
4011 8886
7432 6438
7
331 6975
3847 3153
1683 18
137 8323
5268 113
9964 7032
97 4890
7
3919 4850
2580 6204
6476 693
7774 50
1687 8175
4005 8766
5071 3363
7
3073 4806
9180 6826
1257 3511
5848 3715
4195 4100
208 9759
5072 5116
7
7789 3460
111 9447
3728 4523
3101 8130
7595 6266
8494 6809
7028 9429
7
1948 5987
8332 5419
5156 1319
7838 5115
3196 7324
8723 8942
3609 813
8
1597 8430
7023 4311
4904 3256
2549 75
79 9330
98 5292
2401 1734
1511 336
8
1789 8403
3762 1251
841 7246
5908 5528
1090 3395
7224 8656
3903 1424
9181 2850
8
5444 6727
5106 2544
2960 2772
9639 1003
5527 6502
3316 281
9373 7366
1552 3049
8
425 3918
3924 3495
3021 3375
2783 8078
5927 3369
1725 3756
3749 8612
6567 1242
8
7590 3735
4769 9426
3514 9836
2753 7150
7591 8384
6857 454
6980 2819
7634 31
8
1254 410
6752 848
7473 6058
4803 5121
3199 8843
9964 5289
9406 4464
9562 4410
8
9376 702
9508 4749
8604 6383
9862 8126
3434 4812
1209 8047
3345 7122
4183 3956
8
2626 9534
7687 3376
8648 6097
3720 8572
5228 5492
6780 7263
1884 2082
4434 2858
8
9644 2519
6032 3861
2300 111
8477 6670
3525 6110
5192 6523
4241 7914
1833 282
8
2433 8986
61 4693
441 5849
677 5895
81 3562
8064 1747
7783 7018
9587 6213
8
8929 3030
3672 6688
3419 8088
4019 9538
8801 4997
8821 8729
3045 588
4603 8791
8
9865 4636
6439 6249
7519 3769
7719 166
5748 9273
7186 1787
3259 878
8955 9910
8
7302 5473
5686 6247
2039 5944
4635 8379
144 6660
4161 6092
8823 4759
8416 5415
8
1564 9970
2373 4212
8262 4665
8087 83
5824 6088
7946 7164
2387 9466
8050 7213
8
821 7530
6978 9815
7277 4007
9671 5063
5257 9534
4677 7686
4266 2880
9237 4149
9
435 5552
1442 8782
2131 3472
7514 3967
9487 6761
3165 2373
9018 8648
8231 5150
8410 7318
9
7652 1658
1074 8825
7561 9052
7136 4346
7233 3116
3450 994
5717 8692
4905 7255
6272 6501
9
9990 9298
9371 2432
4151 1230
5919 6929
2164 5165
3116 6449
5956 289
2131 8589
839 4987
9
8068 7506
8353 9084
4257 3300
4273 721
9603 2031
3717 6227
3866 6284
5057 4372
9996 3279
9
120 4905
9948 3758
9894 2932
1143 9064
4313 6487
7772 8840
3284 6272
8872 1135
9135 3226
9
5890 3918
6270 2598
8520 6146
791 5329
4361 3379
6315 1769
4860 8099
1437 1940
3353 4195
9
7185 1737
5714 830
3634 4186
4712 1141
337 4356
7471 7353
4362 935
5928 8969
8375 1771
9
7001 8856
4026 4464
641 6384
5752 9806
5876 9038
8901 6544
6149 1788
7279 7872
9284 5786
9
5742 25
5217 1336
6431 1811
1148 5485
217 1899
7895 703
7732 8460
5822 1009
684 3751
9
5963 9414
3388 9390
2549 9331
4766 9651
8965 1933
966 4005
1562 1628
3570 1706
3583 2555
9
7649 6748
9401 5155
7176 1679
4347 3618
1927 9182
6810 2681
5873 2597
8194 9299
7539 528
9
4881 6740
7264 4656
7578 4467
9021 7773
9469 7475
361 4669
9797 5337
611 3455
662 1304
9
2642 8062
9918 8866
3292 7355
6231 8182
2760 8889
1721 8495
8898 7927
4086 8916
7972 6275
9
2850 6409
156 8629
4757 6128
6202 4995
8438 7816
9363 7597
3801 4701
8911 2411
6764 2106
9
3381 9547
8365 2452
8719 8044
8614 7076
9432 2626
7563 8716
5453 9311
4109 4491
6862 3103
10
2944 7578
2294 6735
9247 672
6723 5431
1869 8342
7620 1027
2013 2869
596 1620
3434 4085
8422 9565
10
4324 5776
1517 8170
2591 4635
4984 3579
449 1474
6325 7114
1235 1810
2144 2281
7116 7901
4781 1171
10
7019 667
7689 9459
5191 3227
3711 9906
9861 3242
9244 1220
3241 9936
8498 9644
9331 3287
1476 6094
10
7951 1272
2583 3302
5623 308
4736 69
6045 4756
5943 8596
2711 3063
6593 9578
6481 4875
3359 4654
10
6144 5284
2496 3691
7446 447
5566 6739
5959 8646
8145 2350
667 4155
3542 7346
6357 5670
4199 9824
10
3842 8493
7714 228
9793 510
7085 7039
4132 9805
5945 6041
2198 5098
3238 2472
9425 5980
150 653
10
7971 6645
3992 7745
9560 86
9225 3685
3692 1730
4395 535
4851 5201
5409 7911
4638 3623
2517 1565
10
3446 4119
7599 7810
4925 1530
1742 1119
356 2086
8701 1258
9372 9332
9340 5851
2447 6268
4085 9811
10
8962 2030
7039 289
713 9220
133 8213
339 1100
163 9954
7919 7400
9415 2120
3661 8921
1005 5041
10
8178 1431
4431 9830
8867 3580
8928 8918
3381 6778
1237 9774
8632 9929
705 1700
6397 5636
7049 6853
10
8091 2736
6840 7878
8835 5606
3016 1277
3974 6212
1980 957
2829 8608
539 6645
3017 5207
7168 4310
10
8370 9430
3950 7935
5 4862
4952 4774
9309 5375
4209 5619
4921 7635
875 6455
6189 2636
3518 468
10
297 5268
2654 8242
3267 9899
8361 3200
9813 7906
6445 160
282 5372
5258 5902
780 7458
1476 815
10
187 997
634 9507
6723 9401
3230 8397
7429 929
8287 6594
6989 9293
8406 3875
2882 4018
603 6423
10
588 7963
5923 4655
7885 9491
4603 1173
5220 3125
1044 165
6553 8507
7340 9781
7885 3777
2615 289
